2.5E-5	-4
5E-5	-2
7.5E-5	-2
1E-4	-4
1.25E-4	-2
1.5E-4	-2
1.75E-4	-2
2E-4	4
2.25E-4	-2
2.5E-4	-5
2.75E-4	-4
3E-4	1
3.25E-4	-3
3.5E-4	3
3.75E-4	-2
4E-4	-3
4.25E-4	-8
4.5E-4	-7
4.75E-4	-6
5E-4	-1
5.25E-4	-1
5.5E-4	-3
5.75E-4	-3
6E-4	-2
6.25E-4	3
6.5E-4	-2
6.75E-4	3
7E-4	1
7.25E-4	2
7.5E-4	1
7.75E-4	-3
8E-4	-0
8.25E-4	-3
8.5E-4	-1
8.75E-4	-1
9E-4	-5
9.25E-4	-1
9.5E-4	0
9.75E-4	2
0.001	-3
0.00103	-3
0.00105	-1
0.00108	-1
0.0011	2
0.00112	-3
0.00115	1
0.00118	-7
0.0012	-7
0.00123	-2
0.00125	-3
0.00128	-7
0.0013	-3
0.00133	-5
0.00135	2
0.00137	-1
0.0014	-0
0.00143	-4
0.00145	-3
0.00148	-6
0.0015	-3
0.00153	2
0.00155	1
0.00158	-2
0.0016	-4
0.00162	3
0.00165	-4
0.00168	-1
0.0017	1
0.00173	-5
0.00175	-6
0.00178	-5
0.0018	-7
0.00183	1
0.00185	-4
0.00187	-3
0.0019	-2
0.00193	-4
0.00195	-0
0.00198	-8
0.002	-1
0.00202	-6
0.00205	-5
0.00208	-3
0.0021	-2
0.00213	2
0.00215	-3
0.00217	-3
0.0022	-2
0.00223	-8
0.00225	-2
0.00228	-8
0.0023	-1
0.00232	-7
0.00235	-0
0.00237	-4
0.0024	-9
0.00243	-4
0.00245	-3
0.00248	-5
0.0025	-5
0.00275	-11
0.003	-4
0.00325	-5
0.0035	-7
0.00375	-8
0.004	-13
0.00425	-9
0.0045	-13
0.00475	-17
0.005	-14
0.00525	-18
0.0055	-23
0.00575	-18
0.006	-21
0.00625	-22
0.0065	-29
0.00675	-27
0.007	-37
0.00725	-32
0.0075	-38
0.00775	-36
0.008	-45
0.00825	-45
0.0085	-46
0.00875	-49
0.009	-57
0.00925	-54
0.0095	-62
0.00975	-64
0.01	-66
0.01025	-65
0.0105	-70
0.01075	-73
0.011	-79
0.01125	-84
0.0115	-87
0.01175	-90
0.012	-93
0.01225	-93
0.0125	-104
0.01275	-105
0.013	-110
0.01325	-113
0.0135	-115
0.01375	-123
0.014	-123
0.01425	-129
0.0145	-130
0.01475	-137
0.015	-137
0.01525	-143
0.0155	-142
0.01575	-154
0.016	-149
0.01625	-157
0.0165	-163
0.01675	-164
0.017	-166
0.01725	-176
0.0175	-176
0.01775	-180
0.018	-188
0.01825	-194
0.0185	-196
0.01875	-196
0.019	-203
0.01925	-210
0.0195	-212
0.01975	-212
0.02	-220
0.0205	-224
0.021	-236
0.0215	-248
0.022	-255
0.0225	-265
0.023	-273
0.0235	-279
0.024	-290
0.0245	-290
0.025	-303
0.0255	-306
0.026	-315
0.0265	-321
0.027	-331
0.0275	-337
0.028	-342
0.0285	-344
0.029	-351
0.0295	-359
0.03	-367
0.0305	-362
0.031	-367
0.0315	-376
0.032	-376
0.0325	-378
0.033	-382
0.0335	-386
0.034	-383
0.0345	-389
0.035	-389
0.0355	-387
0.036	-392
0.0365	-390
0.037	-387
0.0375	-384
0.038	-389
0.0385	-383
0.039	-374
0.0395	-377
0.04	-371
0.0405	-368
0.041	-365
0.0415	-358
0.042	-354
0.0425	-351
0.043	-339
0.0435	-331
0.044	-323
0.0445	-316
0.045	-307
0.0455	-299
0.046	-286
0.0465	-277
0.047	-269
0.0475	-257
0.048	-252
0.0485	-230
0.049	-222
0.0495	-206
0.05	-193
0.0505	-181
0.051	-165
0.0515	-154
0.052	-134
0.0525	-123
0.053	-104
0.0535	-90
0.054	-75
0.0545	-60
0.055	-39
0.0555	-21
0.056	-7
0.0565	10
0.057	29
0.0575	48
0.058	66
0.0585	88
0.059	99
0.0595	124
0.06	143
0.0605	162
0.061	180
0.0615	201
0.062	219
0.0625	240
0.063	261
0.0635	280
0.064	300
0.0645	317
0.065	335
0.0655	361
0.066	376
0.0665	394
0.067	419
0.0675	435
0.068	453
0.0685	477
0.069	494
0.0695	512
0.07	533
0.07025	534
0.0705	540
0.07075	562
0.071	570
0.07125	575
0.0715	578
0.07175	595
0.072	594
0.07225	613
0.0725	618
0.07275	625
0.073	632
0.07325	635
0.0735	651
0.07375	652
0.074	671
0.07425	678
0.0745	678
0.07475	683
0.075	699
0.07525	699
0.0755	706
0.07575	721
0.076	724
0.07625	718
0.0765	733
0.07675	734
0.077	739
0.07725	753
0.0775	760
0.07775	766
0.078	771
0.07825	779
0.0785	783
0.07875	791
0.079	800
0.07925	802
0.0795	811
0.07975	816
0.08	819
0.08025	826
0.0805	826
0.08075	838
0.081	843
0.08125	846
0.0815	850
0.08175	853
0.082	861
0.08225	872
0.0825	869
0.08275	869
0.083	872
0.08325	878
0.0835	884
0.08375	881
0.084	887
0.08425	882
0.0845	881
0.08475	891
0.085	895
0.08525	903
0.0855	896
0.08575	898
0.086	910
0.08625	904
0.0865	907
0.08675	901
0.087	907
0.08725	892
0.0875	904
0.08775	902
0.088	901
0.08825	912
0.0885	904
0.08875	908
0.089	900
0.08925	900
0.0895	900
0.08975	899
0.09	894
0.09025	901
0.0905	895
0.09075	898
0.091	887
0.09125	891
0.0915	892
0.09175	883
0.092	892
0.09225	876
0.0925	882
0.09275	881
0.093	877
0.09325	869
0.0935	865
0.09375	879
0.094	871
0.09425	862
0.0945	861
0.09475	859
0.095	860
0.09525	860
0.0955	846
0.09575	845
0.096	838
0.09625	845
0.0965	845
0.09675	828
0.097	826
0.09725	821
0.0975	817
0.09775	810
0.098	811
0.09825	805
0.0985	792
0.09875	780
0.099	788
0.09925	778
0.0995	772
0.09975	769
0.1	757
0.10025	753
0.1005	753
0.10075	749
0.101	743
0.10125	726
0.1015	724
0.10175	719
0.102	714
0.10225	710
0.1025	700
0.10275	698
0.103	686
0.10325	684
0.1035	676
0.10375	668
0.104	667
0.10425	657
0.1045	655
0.10475	639
0.105	635
0.10525	619
0.1055	621
0.10575	611
0.106	607
0.10625	599
0.1065	593
0.10675	583
0.107	566
0.10725	565
0.1075	561
0.10775	551
0.108	543
0.10825	542
0.1085	544
0.10875	524
0.109	532
0.10925	507
0.1095	507
0.10975	505
0.11	486
0.11025	483
0.1105	478
0.11075	476
0.111	462
0.11125	460
0.1115	445
0.11175	442
0.112	439
0.11225	433
0.1125	421
0.11275	426
0.113	403
0.11325	407
0.1135	394
0.11375	394
0.114	381
0.11425	377
0.1145	367
0.11475	363
0.115	354
0.11525	355
0.1155	342
0.11575	333
0.116	325
0.11625	320
0.1165	314
0.11675	310
0.117	296
0.11725	289
0.1175	290
0.11775	285
0.118	277
0.11825	271
0.1185	278
0.11875	264
0.119	254
0.11925	243
0.1195	252
0.11975	244
0.12	238
0.12025	226
0.1205	221
0.12075	221
0.121	224
0.12125	211
0.1215	208
0.12175	211
0.122	202
0.12225	204
0.1225	198
0.12275	190
0.123	189
0.12325	193
0.1235	183
0.12375	175
0.124	177
0.12425	174
0.1245	162
0.12475	175
0.125	167
0.12525	165
0.1255	161
0.12575	162
0.126	153
0.12625	157
0.1265	154
0.12675	160
0.127	147
0.12725	152
0.1275	156
0.12775	144
0.128	143
0.12825	144
0.1285	153
0.12875	142
0.129	143
0.12925	153
0.1295	142
0.12975	146
0.13	146
0.13025	142
0.1305	146
0.13075	152
0.131	149
0.13125	152
0.1315	148
0.13175	157
0.132	157
0.13225	163
0.1325	156
0.13275	166
0.133	172
0.13325	169
0.1335	171
0.13375	181
0.134	170
0.13425	174
0.1345	184
0.13475	179
0.135	185
0.13525	184
0.1355	186
0.13575	196
0.136	205
0.13625	213
0.1365	201
0.13675	213
0.137	223
0.13725	218
0.1375	234
0.13775	235
0.138	241
0.13825	243
0.1385	259
0.13875	254
0.139	258
0.13925	267
0.1395	273
0.13975	279
0.14	290
0.14025	309
0.1405	313
0.14075	315
0.141	310
0.14125	327
0.1415	324
0.14175	335
0.142	347
0.14225	347
0.1425	362
0.14275	360
0.143	377
0.14325	377
0.1435	388
0.14375	400
0.144	409
0.14425	407
0.1445	419
0.14475	426
0.145	440
0.14525	446
0.1455	446
0.14575	465
0.146	476
0.14625	479
0.1465	493
0.14675	493
0.147	514
0.14725	525
0.1475	533
0.14775	534
0.148	538
0.14825	557
0.1485	562
0.14875	568
0.149	578
0.14925	590
0.1495	588
0.14975	611
0.15	616
0.15025	629
0.1505	639
0.15075	641
0.151	663
0.15125	656
0.1515	674
0.15175	683
0.152	689
0.15225	696
0.1525	708
0.15275	729
0.153	740
0.15325	748
0.1535	755
0.15375	768
0.154	778
0.15425	792
0.1545	801
0.15475	805
0.155	817
0.15525	824
0.1555	831
0.15575	843
0.156	852
0.15625	855
0.1565	870
0.15675	880
0.157	889
0.15725	900
0.1575	906
0.15775	911
0.158	918
0.15825	935
0.1585	950
0.15875	944
0.159	961
0.15925	959
0.1595	976
0.15975	979
0.16	1002
0.16025	997
0.1605	1023
0.16075	1019
0.161	1037
0.16125	1037
0.1615	1048
0.16175	1053
0.162	1060
0.16225	1064
0.1625	1075
0.16275	1082
0.163	1106
0.16325	1098
0.1635	1114
0.16375	1118
0.164	1113
0.16425	1126
0.1645	1131
0.16475	1142
0.165	1149
0.16525	1157
0.1655	1168
0.16575	1170
0.166	1173
0.16625	1182
0.1665	1178
0.16675	1182
0.167	1196
0.16725	1204
0.1675	1184
0.16775	1209
0.168	1211
0.16825	1213
0.1685	1211
0.16875	1226
0.169	1226
0.16925	1244
0.1695	1235
0.16975	1239
0.17	1242
0.17025	1256
0.1705	1250
0.17075	1256
0.171	1254
0.17125	1253
0.1715	1266
0.17175	1270
0.172	1267
0.17225	1270
0.1725	1269
0.17275	1272
0.173	1274
0.17325	1265
0.1735	1280
0.17375	1280
0.174	1278
0.17425	1280
0.1745	1283
0.17475	1279
0.175	1283
0.17525	1283
0.1755	1285
0.17575	1287
0.176	1277
0.17625	1283
0.1765	1277
0.17675	1278
0.177	1273
0.17725	1288
0.1775	1272
0.17775	1274
0.178	1273
0.17825	1281
0.1785	1267
0.17875	1282
0.179	1263
0.17925	1260
0.1795	1255
0.17975	1258
0.18	1242
0.18025	1248
0.1805	1249
0.18075	1245
0.181	1233
0.18125	1236
0.1815	1227
0.18175	1233
0.182	1225
0.18225	1221
0.1825	1216
0.18275	1208
0.183	1198
0.18325	1201
0.1835	1195
0.18375	1191
0.184	1187
0.18425	1179
0.1845	1171
0.18475	1171
0.185	1163
0.18525	1156
0.1855	1151
0.18575	1146
0.186	1129
0.18625	1129
0.1865	1130
0.18675	1115
0.187	1113
0.18725	1106
0.1875	1093
0.18775	1090
0.188	1078
0.18825	1075
0.1885	1063
0.18875	1061
0.189	1052
0.18925	1055
0.1895	1049
0.18975	1038
0.19	1026
0.19025	1020
0.1905	1017
0.19075	996
0.191	995
0.19125	982
0.1915	976
0.19175	970
0.192	960
0.19225	958
0.1925	943
0.19275	941
0.193	928
0.19325	922
0.1935	915
0.19375	905
0.194	892
0.19425	890
0.1945	880
0.19475	875
0.195	861
0.19525	851
0.1955	840
0.19575	844
0.196	830
0.19625	821
0.1965	804
0.19675	799
0.197	790
0.19725	777
0.1975	781
0.19775	765
0.198	760
0.19825	752
0.1985	748
0.19875	734
0.199	732
0.19925	714
0.1995	709
0.19975	702
0.2	681
0.20025	679
0.2005	674
0.20075	669
0.201	655
0.20125	648
0.2015	642
0.20175	639
0.202	630
0.20225	623
0.2025	614
0.20275	606
0.203	590
0.20325	586
0.2035	584
0.20375	575
0.204	561
0.20425	571
0.2045	555
0.20475	547
0.205	545
0.20525	537
0.2055	524
0.20575	513
0.206	516
0.20625	506
0.2065	503
0.20675	505
0.207	479
0.20725	490
0.2075	475
0.20775	470
0.208	469
0.20825	465
0.2085	464
0.20875	449
0.209	450
0.20925	445
0.2095	437
0.20975	436
0.21	424
0.21025	425
0.2105	430
0.21075	420
0.211	413
0.21125	406
0.2115	403
0.21175	402
0.212	393
0.21225	394
0.2125	393
0.21275	394
0.213	389
0.21325	392
0.2135	382
0.21375	384
0.214	384
0.21425	379
0.2145	373
0.21475	372
0.215	379
0.21525	375
0.2155	369
0.21575	374
0.216	377
0.21625	373
0.2165	371
0.21675	369
0.217	366
0.21725	360
0.2175	372
0.21775	366
0.218	370
0.21825	376
0.2185	369
0.21875	381
0.219	375
0.21925	375
0.2195	375
0.21975	391
0.22	390
0.22025	385
0.2205	388
0.22075	401
0.221	400
0.22125	405
0.2215	403
0.22175	407
0.222	412
0.22225	414
0.2225	414
0.22275	429
0.223	435
0.22325	434
0.2235	437
0.22375	436
0.224	450
0.22425	455
0.2245	449
0.22475	468
0.225	466
0.22525	483
0.2255	484
0.22575	486
0.226	490
0.22625	504
0.2265	510
0.22675	505
0.227	525
0.22725	523
0.2275	527
0.22775	540
0.228	541
0.22825	552
0.2285	566
0.22875	573
0.229	571
0.22925	585
0.2295	589
0.22975	597
0.23	602
0.23025	608
0.2305	623
0.23075	623
0.231	643
0.23125	647
0.2315	657
0.23175	660
0.232	674
0.23225	675
0.2325	697
0.23275	700
0.233	711
0.23325	714
0.2335	722
0.23375	741
0.234	750
0.23425	756
0.2345	767
0.23475	774
0.235	787
0.23525	794
0.2355	807
0.23575	808
0.236	813
0.23625	826
0.2365	841
0.23675	848
0.237	868
0.23725	870
0.2375	882
0.23775	896
0.238	905
0.23825	912
0.2385	922
0.23875	935
0.239	935
0.23925	942
0.2395	956
0.23975	972
0.24	979
0.24025	975
0.2405	995
0.24075	1007
0.241	1008
0.24125	1020
0.2415	1037
0.24175	1036
0.242	1043
0.24225	1054
0.2425	1056
0.24275	1082
0.243	1086
0.24325	1101
0.2435	1103
0.24375	1108
0.244	1124
0.24425	1129
0.2445	1142
0.24475	1142
0.245	1158
0.24525	1169
0.2455	1177
0.24575	1187
0.246	1194
0.24625	1198
0.2465	1201
0.24675	1217
0.247	1233
0.24725	1222
0.2475	1238
0.24775	1237
0.248	1256
0.24825	1255
0.2485	1262
0.24875	1271
0.249	1275
0.24925	1281
0.2495	1282
0.24975	1307
0.25	1309
0.25025	1310
0.2505	1332
0.25075	1331
0.251	1329
0.25125	1342
0.2515	1344
0.25175	1349
0.252	1350
0.25225	1367
0.2525	1358
0.25275	1366
0.253	1373
0.25325	1381
0.2535	1380
0.25375	1385
0.254	1387
0.25425	1404
0.2545	1396
0.25475	1400
0.255	1404
0.25525	1412
0.2555	1403
0.25575	1412
0.256	1413
0.25625	1407
0.2565	1412
0.25675	1410
0.257	1420
0.25725	1415
0.2575	1422
0.25775	1428
0.258	1413
0.25825	1429
0.2585	1427
0.25875	1424
0.259	1426
0.25925	1418
0.2595	1434
0.25975	1422
0.26	1419
0.26025	1413
0.2605	1426
0.26075	1417
0.261	1413
0.26125	1417
0.2615	1417
0.26175	1412
0.262	1410
0.26225	1412
0.2625	1409
0.26275	1402
0.263	1403
0.26325	1389
0.2635	1398
0.26375	1402
0.264	1387
0.26425	1386
0.2645	1382
0.26475	1379
0.265	1368
0.26525	1368
0.2655	1371
0.26575	1365
0.266	1354
0.26625	1348
0.2665	1339
0.26675	1333
0.267	1341
0.26725	1332
0.2675	1319
0.26775	1319
0.268	1317
0.26825	1296
0.2685	1293
0.26875	1287
0.269	1289
0.26925	1276
0.2695	1283
0.26975	1260
0.27	1259
0.27025	1246
0.2705	1243
0.27075	1239
0.271	1228
0.27125	1221
0.2715	1210
0.27175	1204
0.272	1199
0.27225	1187
0.2725	1181
0.27275	1170
0.273	1169
0.27325	1157
0.2735	1147
0.27375	1142
0.274	1144
0.27425	1126
0.2745	1120
0.27475	1114
0.275	1099
0.27525	1093
0.2755	1082
0.27575	1072
0.276	1070
0.27625	1063
0.2765	1042
0.27675	1031
0.277	1022
0.27725	1018
0.2775	1010
0.27775	1000
0.278	990
0.27825	988
0.2785	974
0.27875	959
0.279	948
0.27925	949
0.2795	922
0.27975	921
0.28	917
0.28025	907
0.2805	903
0.28075	897
0.281	884
0.28125	873
0.2815	868
0.28175	851
0.282	853
0.28225	837
0.2825	829
0.28275	815
0.283	801
0.28325	806
0.2835	794
0.28375	790
0.284	790
0.28425	771
0.2845	758
0.28475	758
0.285	748
0.28525	745
0.2855	736
0.28575	725
0.286	721
0.28625	701
0.2865	707
0.28675	693
0.287	688
0.28725	681
0.2875	670
0.28775	669
0.288	663
0.28825	653
0.2885	648
0.28875	649
0.289	644
0.28925	628
0.2895	627
0.28975	613
0.29	611
0.29025	615
0.2905	597
0.29075	597
0.291	586
0.29125	594
0.2915	583
0.29175	574
0.292	587
0.29225	578
0.2925	569
0.29275	563
0.293	559
0.29325	570
0.2935	559
0.29375	561
0.294	557
0.29425	550
0.2945	543
0.29475	552
0.295	545
0.29525	546
0.2955	534
0.29575	544
0.296	541
0.29625	530
0.2965	539
0.29675	541
0.297	545
0.29725	543
0.2975	546
0.29775	539
0.298	539
0.29825	546
0.2985	547
0.29875	552
0.299	551
0.29925	545
0.2995	556
0.29975	552
0.3	567
0.30025	562
0.3005	559
0.30075	568
0.301	559
0.30125	566
0.3015	570
0.30175	576
0.302	587
0.30225	583
0.3025	587
0.30275	592
0.303	603
0.30325	611
0.3035	607
0.30375	613
0.304	617
0.30425	623
0.3045	631
0.30475	643
0.305	645
0.30525	657
0.3055	657
0.30575	663
0.306	661
0.30625	669
0.3065	690
0.30675	700
0.307	700
0.30725	713
0.3075	723
0.30775	722
0.308	739
0.30825	749
0.3085	755
0.30875	762
0.309	769
0.30925	783
0.3095	781
0.30975	795
0.31	803
0.31025	809
0.3105	818
0.31075	835
0.311	838
0.31125	848
0.3115	878
0.31175	877
0.312	882
0.31225	893
0.3125	902
0.31275	916
0.313	919
0.31325	934
0.3135	942
0.31375	959
0.314	967
0.31425	981
0.3145	1004
0.31475	1016
0.315	1010
0.31525	1026
0.3155	1038
0.31575	1054
0.316	1060
0.31625	1074
0.3165	1082
0.31675	1090
0.317	1101
0.31725	1113
0.3175	1130
0.31775	1146
0.318	1156
0.31825	1160
0.3185	1181
0.31875	1197
0.319	1202
0.31925	1205
0.3195	1223
0.31975	1229
0.32	1244
0.32025	1259
0.3205	1264
0.32075	1277
0.321	1281
0.32125	1308
0.3215	1305
0.32175	1316
0.322	1328
0.32225	1339
0.3225	1358
0.32275	1362
0.323	1379
0.32325	1392
0.3235	1402
0.32375	1402
0.324	1409
0.32425	1420
0.3245	1429
0.32475	1452
0.325	1458
0.32525	1452
0.3255	1473
0.32575	1486
0.326	1494
0.32625	1496
0.3265	1507
0.32675	1517
0.327	1528
0.32725	1521
0.3275	1542
0.32775	1547
0.328	1551
0.32825	1560
0.3285	1571
0.32875	1579
0.329	1574
0.32925	1591
0.3295	1596
0.32975	1603
0.33	1610
0.33025	1604
0.3305	1609
0.33075	1624
0.331	1621
0.33125	1633
0.3315	1627
0.33175	1635
0.332	1643
0.33225	1658
0.3325	1654
0.33275	1660
0.333	1668
0.33325	1662
0.3335	1660
0.33375	1671
0.334	1671
0.33425	1677
0.3345	1672
0.33475	1674
0.335	1675
0.33525	1669
0.3355	1672
0.33575	1666
0.336	1677
0.33625	1688
0.3365	1675
0.33675	1673
0.337	1674
0.33725	1671
0.3375	1670
0.33775	1671
0.338	1674
0.33825	1673
0.3385	1680
0.33875	1671
0.339	1665
0.33925	1652
0.3395	1651
0.33975	1654
0.34	1662
0.34025	1648
0.3405	1640
0.34075	1643
0.341	1634
0.34125	1627
0.3415	1626
0.34175	1619
0.342	1621
0.34225	1615
0.3425	1599
0.34275	1599
0.343	1590
0.34325	1581
0.3435	1585
0.34375	1577
0.344	1565
0.34425	1568
0.3445	1552
0.34475	1540
0.345	1533
0.34525	1522
0.3455	1516
0.34575	1505
0.346	1500
0.34625	1500
0.3465	1495
0.34675	1475
0.347	1461
0.34725	1453
0.3475	1441
0.34775	1438
0.348	1423
0.34825	1424
0.3485	1418
0.34875	1395
0.349	1391
0.34925	1394
0.3495	1381
0.34975	1366
0.35	1344
0.35025	1338
0.3505	1333
0.35075	1317
0.351	1321
0.35125	1300
0.3515	1288
0.35175	1282
0.352	1269
0.35225	1260
0.3525	1250
0.35275	1236
0.353	1231
0.35325	1224
0.3535	1209
0.35375	1202
0.354	1183
0.35425	1174
0.3545	1163
0.35475	1151
0.355	1152
0.35525	1133
0.3555	1120
0.35575	1116
0.356	1109
0.35625	1088
0.3565	1084
0.35675	1076
0.357	1066
0.35725	1052
0.3575	1039
0.35775	1032
0.358	1034
0.35825	1019
0.3585	1008
0.35875	998
0.359	987
0.35925	972
0.3595	975
0.35975	963
0.36	959
0.36025	951
0.3605	928
0.36075	936
0.361	925
0.36125	928
0.3615	917
0.36175	910
0.362	909
0.36225	896
0.3625	896
0.36275	883
0.363	889
0.36325	882
0.3635	876
0.36375	870
0.364	872
0.36425	870
0.3645	870
0.36475	872
0.365	867
0.36525	863
0.3655	860
0.36575	861
0.366	855
0.36625	853
0.3665	860
0.36675	851
0.367	860
0.36725	866
0.3675	860
0.36775	863
0.368	869
0.36825	876
0.3685	863
0.36875	875
0.369	873
0.36925	884
0.3695	884
0.36975	891
0.37	894
0.37025	903
0.3705	908
0.37075	905
0.371	920
0.37125	919
0.3715	934
0.37175	939
0.372	953
0.37225	950
0.3725	957
0.37275	974
0.373	979
0.37325	995
0.3735	1013
0.37375	1010
0.374	1026
0.37425	1039
0.3745	1053
0.37475	1065
0.375	1081
0.37525	1082
0.3755	1100
0.37575	1119
0.376	1134
0.37625	1153
0.3765	1159
0.37675	1167
0.377	1185
0.37725	1204
0.3775	1217
0.37775	1234
0.378	1248
0.37825	1263
0.3785	1273
0.37875	1291
0.379	1317
0.37925	1329
0.3795	1352
0.37975	1369
0.38	1391
0.38025	1403
0.3805	1421
0.38075	1446
0.381	1453
0.38125	1475
0.3815	1498
0.38175	1510
0.382	1526
0.38225	1540
0.3825	1557
0.38275	1582
0.383	1603
0.38325	1606
0.3835	1629
0.38375	1647
0.384	1675
0.38425	1677
0.3845	1703
0.38475	1712
0.385	1736
0.38525	1747
0.3855	1762
0.38575	1782
0.386	1793
0.38625	1812
0.3865	1823
0.38675	1831
0.387	1851
0.38725	1869
0.3875	1881
0.38775	1893
0.388	1899
0.38825	1910
0.3885	1923
0.38875	1930
0.389	1945
0.38925	1953
0.3895	1958
0.38975	1970
0.39	1972
0.39025	1972
0.3905	1981
0.39075	1984
0.391	1989
0.39125	1978
0.3915	1985
0.39175	1988
0.392	1976
0.39225	1979
0.3925	1982
0.39275	1973
0.393	1959
0.39325	1951
0.3935	1940
0.39375	1937
0.394	1925
0.39425	1896
0.3945	1887
0.39475	1862
0.395	1856
0.39525	1831
0.3955	1802
0.39575	1779
0.396	1756
0.39625	1718
0.3965	1690
0.39675	1660
0.397	1627
0.39725	1595
0.3975	1547
0.39775	1510
0.398	1467
0.39825	1423
0.3985	1377
0.39875	1327
0.399	1272
0.39925	1218
0.3995	1164
0.39975	1103
0.4	1038
0.40025	979
0.4005	903
0.40075	829
0.401	759
0.40125	674
0.4015	601
0.40175	517
0.402	433
0.40225	338
0.4025	240
0.40275	143
0.403	49
0.40325	-49
0.4035	-154
0.40375	-270
0.404	-381
0.40425	-498
0.4045	-626
0.40475	-753
0.405	-883
0.40525	-1010
0.4055	-1142
0.40575	-1288
0.406	-1436
0.40625	-1591
0.4065	-1745
0.40675	-1900
0.407	-2063
0.40725	-2224
0.4075	-2395
0.40775	-2577
0.408	-2758
0.40825	-2940
0.4085	-3138
0.40875	-3335
0.409	-3532
0.40925	-3738
0.4095	-3949
0.40975	-4167
0.41	-4394
0.41025	-4617
0.4105	-4849
0.41075	-5085
0.411	-5330
0.41125	-5576
0.4115	-5834
0.41175	-6092
0.412	-6364
0.41225	-6630
0.4125	-6905
0.41275	-7191
0.413	-7490
0.41325	-7778
0.4135	-8088
0.41375	-8391
0.414	-8701
0.41425	-9023
0.4145	-9349
0.41475	-9679
0.415	-10036
0.41525	-10383
0.4155	-10738
0.41575	-11095
0.416	-11466
0.41625	-11836
0.4165	-12221
0.41675	-12615
0.417	-13018
0.41725	-13423
0.4175	-13842
0.41775	-14263
0.418	-14683
0.41825	-15122
0.4185	-15572
0.41875	-16011
0.419	-16479
0.41925	-16948
0.4195	-17424
0.41975	-17908
0.42	-18397
0.42025	-18899
0.4205	-19413
0.42075	-19926
0.421	-20455
0.42125	-20984
0.4215	-21528
0.42175	-22076
0.422	-22635
0.42225	-23215
0.4225	-23780
0.42275	-24367
0.423	-24964
0.42325	-25576
0.4235	-26187
0.42375	-26799
0.424	-27432
0.42425	-28073
0.4245	-28735
0.42475	-29393
0.425	-30062
0.42525	-30730
0.4255	-31424
0.42575	-32125
0.426	-32825
0.42625	-33553
0.4265	-34276
0.42675	-35011
0.427	-35772
0.42725	-36514
0.4275	-37295
0.42775	-38070
0.428	-38860
0.42825	-39661
0.4285	-40464
0.42875	-41286
0.429	-42120
0.42925	-42966
0.4295	-43809
0.42975	-44671
0.43	-45540
0.43025	-46422
0.4305	-47321
0.43075	-48229
0.431	-49155
0.43125	-50069
0.4315	-51012
0.43175	-51961
0.432	-52922
0.43225	-53886
0.4325	-54882
0.43275	-55872
0.433	-56873
0.43325	-57892
0.4335	-58927
0.43375	-59966
0.434	-61014
0.43425	-62083
0.4345	-63148
0.43475	-64237
0.435	-65329
0.43525	-66443
0.4355	-67564
0.43575	-68694
0.436	-69841
0.43625	-70994
0.4365	-72161
0.43675	-73352
0.437	-74536
0.43725	-75754
0.4375	-76954
0.43775	-78180
0.438	-79425
0.43825	-80680
0.4385	-81936
0.43875	-83218
0.439	-84504
0.43925	-85804
0.4395	-87113
0.43975	-88435
0.44	-89779
0.44025	-91126
0.4405	-92479
0.44075	-93864
0.441	-95240
0.44125	-96637
0.4415	-98051
0.44175	-99475
0.442	-100911
0.44225	-102354
0.4425	-103821
0.44275	-105288
0.443	-106776
0.44325	-108270
0.4435	-109780
0.44375	-111296
0.444	-112835
0.44425	-114383
0.4445	-115931
0.44475	-117505
0.445	-119090
0.44525	-120679
0.4455	-122293
0.44575	-123910
0.446	-125544
0.44625	-127194
0.4465	-128845
0.44675	-130515
0.447	-132197
0.44725	-133888
0.4475	-135595
0.44775	-137306
0.448	-139033
0.44825	-140783
0.4485	-142543
0.44875	-144302
0.449	-146084
0.44925	-147886
0.4495	-149672
0.44975	-151498
0.45	-153318
0.45025	-155159
0.4505	-157014
0.45075	-158882
0.451	-160751
0.45125	-162642
0.4515	-164538
0.45175	-166450
0.452	-168375
0.45225	-170302
0.4525	-172248
0.45275	-174204
0.453	-176176
0.45325	-178161
0.4535	-180151
0.45375	-182163
0.454	-184175
0.45425	-186197
0.4545	-188242
0.45475	-190287
0.455	-192349
0.45525	-194419
0.4555	-196504
0.45575	-198596
0.456	-200706
0.45625	-202824
0.4565	-204952
0.45675	-207081
0.457	-209238
0.45725	-211397
0.4575	-213569
0.45775	-215754
0.458	-217941
0.45825	-220150
0.4585	-222362
0.45875	-224581
0.459	-226818
0.45925	-229064
0.4595	-231322
0.45975	-233582
0.46	-235861
0.46025	-238144
0.4605	-240434
0.46075	-242740
0.461	-245059
0.46125	-247379
0.4615	-249714
0.46175	-252057
0.462	-254410
0.46225	-256775
0.4625	-259141
0.46275	-261519
0.463	-263916
0.46325	-266309
0.4635	-268720
0.46375	-271129
0.464	-273559
0.46425	-275991
0.4645	-278441
0.46475	-280896
0.465	-283352
0.46525	-285823
0.4655	-288299
0.46575	-290781
0.466	-293276
0.46625	-295775
0.4665	-298280
0.46675	-300802
0.467	-303329
0.46725	-305856
0.4675	-308389
0.46775	-310939
0.468	-313491
0.46825	-316061
0.4685	-318625
0.46875	-321202
0.469	-323783
0.46925	-326372
0.4695	-328964
0.46975	-331569
0.47	-334180
0.47025	-336795
0.4705	-339418
0.47075	-342043
0.471	-344677
0.47125	-347309
0.4715	-349957
0.47175	-352608
0.472	-355264
0.47225	-357934
0.4725	-360596
0.47275	-363263
0.473	-365943
0.47325	-368632
0.4735	-371318
0.47375	-374016
0.474	-376714
0.47425	-379415
0.4745	-382120
0.47475	-384832
0.475	-387543
0.47525	-390265
0.4755	-392985
0.47575	-395715
0.476	-398443
0.47625	-401178
0.4765	-403914
0.47675	-406655
0.477	-409403
0.47725	-412148
0.4775	-414901
0.47775	-417650
0.478	-420409
0.47825	-423169
0.4785	-425927
0.47875	-428698
0.479	-431459
0.47925	-434230
0.4795	-437000
0.47975	-439772
0.48	-442546
0.48025	-445325
0.4805	-448105
0.48075	-450887
0.481	-453662
0.48125	-456445
0.4815	-459233
0.48175	-462014
0.482	-464799
0.48225	-467580
0.4825	-470370
0.48275	-473157
0.483	-475949
0.48325	-478734
0.4835	-481520
0.48375	-484309
0.484	-487096
0.48425	-489882
0.4845	-492672
0.48475	-495456
0.485	-498245
0.48525	-501030
0.4855	-503813
0.48575	-506591
0.486	-509375
0.48625	-512157
0.4865	-514936
0.48675	-517716
0.487	-520495
0.48725	-523271
0.4875	-526044
0.48775	-528813
0.488	-531587
0.48825	-534354
0.4885	-537118
0.48875	-539878
0.489	-542638
0.48925	-545396
0.4895	-548155
0.48975	-550903
0.49	-553655
0.49025	-556394
0.4905	-559136
0.49075	-561880
0.491	-564615
0.49125	-567349
0.4915	-570075
0.49175	-572801
0.492	-575522
0.49225	-578235
0.4925	-580952
0.49275	-583656
0.493	-586362
0.49325	-589064
0.4935	-591758
0.49375	-594449
0.494	-597138
0.49425	-599814
0.4945	-602491
0.49475	-605162
0.495	-607826
0.49525	-610488
0.4955	-613141
0.49575	-615795
0.496	-618438
0.49625	-621077
0.4965	-623704
0.49675	-626336
0.497	-628953
0.49725	-631566
0.4975	-634175
0.49775	-636777
0.498	-639373
0.49825	-641964
0.4985	-644544
0.49875	-647122
0.499	-649692
0.49925	-652251
0.4995	-654808
0.49975	-657353
0.50025	-662427
0.5005	-664955
0.50075	-667472
0.501	-669987
0.50125	-672491
0.5015	-674985
0.50175	-677472
0.502	-679953
0.50225	-682426
0.5025	-684889
0.50275	-687349
0.503	-689795
0.50325	-692234
0.5035	-694668
0.50375	-697092
0.504	-699504
0.50425	-701912
0.5045	-704312
0.50475	-706700
0.505	-709078
0.50525	-711451
0.5055	-713815
0.50575	-716168
0.506	-718513
0.50625	-720848
0.5065	-723173
0.50675	-725489
0.507	-727798
0.50725	-730093
0.5075	-732384
0.50775	-734663
0.508	-736936
0.50825	-739194
0.5085	-741443
0.50875	-743685
0.509	-745914
0.50925	-748136
0.5095	-750347
0.50975	-752550
0.51	-754739
0.51025	-756920
0.5105	-759092
0.51075	-761252
0.511	-763403
0.51125	-765543
0.5115	-767672
0.51175	-769792
0.512	-771904
0.51225	-774001
0.5125	-776095
0.51275	-778168
0.513	-780234
0.51325	-782293
0.5135	-784337
0.51375	-786373
0.514	-788398
0.51425	-790410
0.5145	-792416
0.51475	-794408
0.515	-796388
0.51525	-798359
0.5155	-800319
0.51575	-802270
0.516	-804206
0.51625	-806133
0.5165	-808049
0.51675	-809955
0.517	-811846
0.51725	-813730
0.5175	-815599
0.51775	-817461
0.518	-819310
0.51825	-821149
0.5185	-822977
0.51875	-824791
0.519	-826599
0.51925	-828392
0.5195	-830173
0.51975	-831944
0.52	-833706
0.52025	-835452
0.5205	-837191
0.52075	-838916
0.521	-840629
0.52125	-842337
0.5215	-844025
0.52175	-845706
0.522	-847374
0.52225	-849036
0.5225	-850676
0.52275	-852317
0.523	-853938
0.52325	-855552
0.5235	-857152
0.52375	-858745
0.524	-860322
0.52425	-861891
0.5245	-863447
0.52475	-864992
0.525	-866528
0.52525	-868046
0.5255	-869558
0.52575	-871059
0.526	-872549
0.52625	-874025
0.5265	-875491
0.52675	-876946
0.527	-878389
0.52725	-879823
0.5275	-881244
0.52775	-882654
0.528	-884052
0.52825	-885441
0.5285	-886818
0.52875	-888184
0.529	-889539
0.52925	-890884
0.5295	-892216
0.52975	-893537
0.53	-894846
0.53025	-896149
0.5305	-897436
0.53075	-898713
0.531	-899981
0.53125	-901239
0.5315	-902483
0.53175	-903717
0.532	-904941
0.53225	-906158
0.5325	-907355
0.53275	-908551
0.533	-909731
0.53325	-910902
0.5335	-912063
0.53375	-913212
0.534	-914354
0.53425	-915481
0.5345	-916599
0.53475	-917707
0.535	-918805
0.53525	-919891
0.5355	-920970
0.53575	-922037
0.536	-923096
0.53625	-924141
0.5365	-925176
0.53675	-926203
0.537	-927220
0.53725	-928225
0.5375	-929232
0.53775	-930206
0.538	-931187
0.53825	-932154
0.5385	-933110
0.53875	-934060
0.539	-934997
0.53925	-935924
0.5395	-936840
0.53975	-937750
0.54	-938651
0.54025	-939539
0.5405	-940419
0.54075	-941293
0.541	-942155
0.54125	-943007
0.5415	-943851
0.54175	-944689
0.542	-945510
0.54225	-946324
0.5425	-947136
0.54275	-947932
0.543	-948722
0.54325	-949506
0.5435	-950277
0.54375	-951041
0.544	-951796
0.54425	-952540
0.5445	-953279
0.54475	-954009
0.545	-954726
0.54525	-955440
0.5455	-956144
0.54575	-956836
0.546	-957524
0.54625	-958205
0.5465	-958876
0.54675	-959538
0.547	-960194
0.54725	-960840
0.5475	-961480
0.54775	-962111
0.548	-962736
0.54825	-963350
0.5485	-963957
0.54875	-964558
0.549	-965147
0.54925	-965735
0.5495	-966311
0.54975	-966880
0.55	-967456
0.55025	-967996
0.5505	-968550
0.55075	-969091
0.551	-969625
0.55125	-970152
0.5515	-970671
0.55175	-971186
0.552	-971696
0.55225	-972191
0.5525	-972683
0.55275	-973171
0.553	-973649
0.55325	-974123
0.5535	-974586
0.55375	-975048
0.554	-975500
0.55425	-975946
0.5545	-976388
0.55475	-976822
0.555	-977245
0.55525	-977670
0.5555	-978089
0.55575	-978494
0.556	-978902
0.55625	-979293
0.5565	-979691
0.55675	-980069
0.557	-980451
0.55725	-980826
0.5575	-981198
0.55775	-981562
0.558	-981917
0.55825	-982266
0.5585	-982609
0.55875	-982946
0.559	-983282
0.55925	-983614
0.5595	-983942
0.55975	-984267
0.56	-984592
0.56025	-984882
0.5605	-985189
0.56075	-985490
0.561	-985792
0.56125	-986080
0.5615	-986368
0.56175	-986640
0.562	-986913
0.56225	-987188
0.5625	-987440
0.56275	-987720
0.563	-987981
0.56325	-988232
0.5635	-988476
0.56375	-988733
0.564	-988969
0.56425	-989201
0.5645	-989438
0.56475	-989664
0.565	-989886
0.56525	-990098
0.5655	-990309
0.56575	-990531
0.566	-990725
0.56625	-990941
0.5665	-991127
0.56675	-991330
0.567	-991525
0.56725	-991707
0.5675	-991886
0.56775	-992072
0.568	-992258
0.56825	-992430
0.5685	-992598
0.56875	-992755
0.569	-992915
0.56925	-993080
0.5695	-993245
0.56975	-993393
0.57	-993544
0.57025	-993695
0.5705	-993851
0.57075	-993971
0.571	-994113
0.57125	-994249
0.5715	-994394
0.57175	-994495
0.572	-994622
0.57225	-994749
0.5725	-994865
0.57275	-994991
0.573	-995092
0.57325	-995202
0.5735	-995327
0.57375	-995434
0.574	-995557
0.57425	-995670
0.5745	-995745
0.57475	-995833
0.575	-995925
0.57525	-996004
0.5755	-996083
0.57575	-996174
0.576	-996266
0.57625	-996325
0.5765	-996437
0.57675	-996474
0.577	-996581
0.57725	-996632
0.5775	-996708
0.57775	-996744
0.578	-996807
0.57825	-996849
0.5785	-996902
0.57875	-996977
0.579	-997037
0.57925	-997073
0.5795	-997157